$ 1 0.000005 69.34413510434165 69 10 50 5e-11
165 224 144 544 144 12 0
w 224 176 192 176 0
r 192 112 192 176 0 33000
w 224 272 192 272 0
w 144 112 192 112 0
w 192 352 400 352 0
g 192 352 192 384 0 0
r 400 272 400 352 0 220
R 288 112 288 80 0 0 40 10 0 0 0.5
g 320 304 320 320 0 0
w 288 112 352 112 0
w 352 112 352 176 0
162 400 208 400 272 2 default-led 1 0 0 0.01
w 192 112 288 112 0
c 192 272 192 352 0 0.00047 0.003029385034836353 0.001
r 144 112 144 240 0 10000
s 144 240 144 352 0 1 true
w 144 352 192 352 0
w 224 240 144 240 0
w 352 208 400 208 0
w 192 272 192 176 0
