$ 1 0.000005 69.34413510434165 69 10 50 5e-11
165 304 192 624 192 12 0
w 304 224 256 224 0
w 304 320 256 320 0
w 304 144 304 160 0
w 256 400 480 400 0
g 256 400 256 432 0 0
r 480 320 480 400 0 220
R 368 160 368 128 0 0 40 5 0 0 0.5
g 400 352 400 368 0 0
w 368 160 432 160 0
w 432 160 432 224 0
162 480 256 480 320 2 default-led 1 0 0 0.01
w 304 160 368 160 0
c 256 320 256 400 0 0.00047 0.049504950495065765 0.001
r 208 144 208 288 0 10000
s 208 288 208 400 0 1 true
w 208 400 256 400 0
w 304 288 208 288 0
w 432 256 480 256 0
w 256 320 256 224 0
174 256 160 304 224 0 1000 0.5 Resistance
w 304 160 304 192 0
w 208 144 304 144 0
